10000
6932 849 92 83
1270 6598 48 61
825 6231 40 91
1765 816 53 71
3652 9659 14 84
2708 2934 36 49
4376 8159 59 93
4037 3902 75 22
1987 8157 41 64
1884 2411 55 76
4614 8362 66 77
3251 8733 10 38
4670 5436 58 63
4347 4989 94 25
5381 1693 87 31
3209 5187 54 76
5249 9923 36 2
5749 5410 12 12
3365 8613 44 52
2572 713 98 4
2737 5021 25 97
5541 9049 89 74
50 7265 78 65
4129 5150 65 25
6695 8825 28 67
2767 2163 7 36
9772 1768 91 58
2194 3864 8 74
2127 8529 67 45
611 4485 25 11
4892 2720 44 3
1424 4340 13 49
6461 736 52 78
7634 2341 31 22
2607 6456 48 11
5546 56 98 36
8857 4870 97 46
4272 6230 85 18
2274 5425 46 21
1280 9523 38 70
6636 3093 1 28
5055 6540 67 93
9723 6736 82 47
9770 562 70 38
592 3026 45 48
4873 693 15 93
6729 4610 34 28
6865 7866 40 11
1785 2250 49 54
5241 5753 12 40
350 6140 2 97
6310 6745 95 91
8761 2052 84 47
6766 7676 36 2
3978 302 70 94
9218 8912 65 48
5224 554 97 81
4867 8474 7 91
6747 8494 68 36
9477 2642 66 13
9399 7170 61 16
7278 9882 50 76
1417 8260 97 46
9093 7547 59 94
5157 9494 100 36
9979 9715 82 69
94 8691 19 29
22 3876 41 43
4341 9374 76 20
2320 1545 25 24
5345 7884 94 29
2095 8276 66 23
4183 908 76 6
4613 8751 6 66
9076 8833 51 16
3241 2315 64 3
1661 5726 54 31
9735 5841 30 32
8237 1846 77 37
4183 7246 78 47
8637 3651 43 24
5231 8588 6 15
5115 3977 68 5
9046 8156 33 34
9786 1267 69 2
1638 1721 76 71
7680 1016 98 51
6737 5803 53 55
2843 148 92 60
5456 2145 44 86
7049 8705 69 54
4845 5527 90 7
786 9549 49 90
1125 3637 79 42
1916 5873 98 39
8479 6669 77 4
3380 5194 51 94
6007 4727 88 90
168 9453 42 49
6260 7140 60 84
5310 3791 100 33
3560 8806 66 99
2366 1609 41 95
8173 5286 65 8
1919 2902 72 89
3696 6928 95 22
8790 676 49 36
448 7407 6 91
859 5979 88 63
3611 4368 78 69
2841 1352 18 41
4109 4353 79 71
1357 3216 42 40
4896 7735 68 6
5741 5250 5 32
5053 4061 23 31
1198 1863 44 69
3832 5170 55 51
7943 3674 73 8
4956 1861 53 32
7437 2556 39 62
8500 2767 69 14
7894 6375 44 35
6358 8666 23 62
8421 757 83 39
6234 7107 71 21
5942 5009 94 56
8003 6096 77 48
7761 2343 47 94
7208 2316 69 77
1050 8466 4 85
4127 3715 86 82
7910 9794 43 87
1602 3306 71 85
5558 6414 33 25
2116 5112 53 90
5462 9834 54 5
1217 3998 48 99
5307 9089 39 3
9467 4417 41 65
7533 9806 6 74
311 9524 71 60
3686 9293 57 88
4796 6656 20 11
7236 5912 41 94
2735 474 65 34
3352 7103 97 36
9566 4991 39 33
5657 837 98 34
2302 9326 92 28
8280 272 95 72
9194 1409 23 65
3909 9803 14 83
6775 375 69 72
3250 9929 64 62
559 7661 62 37
1609 1902 34 66
1101 6582 81 57
1668 3514 53 23
1006 5047 43 55
1541 9214 31 79
2379 2157 78 26
8491 2169 2 43
3650 3092 85 87
3200 7426 43 89
9672 2756 54 54
4884 2760 74 35
8189 7175 96 74
2531 8466 91 77
7201 8956 39 74
6696 5930 93 9
7652 3 48 68
5510 5903 94 23
6829 1898 54 42
70 2146 20 79
4833 8864 86 62
2377 9395 37 80
136 7373 54 92
764 868 33 75
2205 5651 84 15
3828 8685 10 52
7622 4636 65 63
4088 8707 77 20
6318 1785 90 14
9974 2970 68 26
5262 6121 31 83
3383 3093 96 38
1738 9476 66 85
1676 1290 65 41
9395 9228 98 46
3378 6476 65 38
1296 1448 66 55
7098 4816 17 3
3978 2028 1 20
423 1912 51 26
8714 8633 94 87
6351 7229 51 22
3986 6903 5 82
1456 1413 35 8
4096 8431 58 36
8123 464 74 95
3882 8890 58 79
5280 3775 30 71
4188 8216 34 2
1130 8247 53 15
6052 3625 3 83
589 2148 43 13
3767 1426 5 7
4934 1913 7 22
9675 2496 13 56
1114 3839 65 14
2862 8107 99 91
9360 5304 47 35
8286 5973 42 81
8742 3669 2 58
6326 2729 71 19
292 6064 12 3
5015 7244 69 72
9420 6656 23 74
5737 1972 99 25
2291 4116 82 18
3542 7782 70 18
3663 691 10 26
6469 3093 16 31
9077 3257 88 84
8530 7139 73 15
4554 5756 82 17
3377 3548 29 53
6759 4470 37 79
7293 67 11 89
6591 7376 15 37
8261 6670 62 1
5957 3040 96 52
1645 5684 51 62
3620 4940 85 7
8918 8652 72 35
225 4793 14 85
7600 9211 55 38
5247 5469 59 30
5707 424 45 78
2891 2408 86 45
9899 7173 95 72
3533 4362 82 22
7077 4710 7 32
3871 8595 3 40
7654 9203 21 34
2310 7210 38 70
8466 2935 6 67
1569 1624 49 83
338 1074 62 80
4671 4363 52 58
4244 3483 26 1
1771 8085 74 98
5551 424 47 47
4863 6731 96 19
211 349 61 36
6078 2778 65 65
8094 7597 53 3
7013 3458 63 98
6268 4761 39 97
5869 9776 78 74
7027 9922 67 1
6323 152 96 28
929 6724 39 19
2039 1045 94 35
6221 8241 75 74
8288 6064 58 11
4500 9150 36 70
8435 1014 38 71
1241 1111 12 80
7353 9703 25 33
5697 3033 38 94
7619 5982 59 47
9951 5265 18 85
4075 6279 54 23
8135 9428 30 93
6128 4558 28 57
3364 3681 12 73
7195 8651 100 24
345 1301 82 51
6390 8755 100 56
4901 6897 48 12
3886 3639 63 86
8848 1190 10 17
9158 7943 34 40
8116 3872 45 58
3178 9262 39 90
8316 4703 79 71
5413 7509 1 99
9353 1249 97 49
2058 6104 70 27
8066 7242 15 52
6692 8675 96 40
5804 689 17 13
7962 1093 28 38
6176 1888 90 69
2804 5514 25 42
3603 735 100 65
6501 6405 41 99
5595 1301 74 98
2786 3165 51 38
9933 9165 15 59
1900 2962 74 51
9779 1255 84 82
3928 7542 54 91
2444 1381 74 45
1758 7314 84 14
3549 2417 24 3
8921 4850 58 42
3725 6325 41 54
8819 7159 33 37
2165 6168 29 50
3972 1079 44 80
7993 5006 91 61
1600 3885 87 45
4585 8287 68 28
6515 2227 74 78
1582 7750 93 91
750 4054 7 98
1966 5005 28 10
2713 9266 30 81
8532 6137 49 68
1302 4311 38 44
8665 8673 99 77
5721 6217 93 74
6643 2931 22 7
8622 670 56 40
7360 9055 28 3
6705 7825 86 63
6355 5484 66 30
8217 2908 55 32
3916 2957 38 48
6179 799 13 9
8889 1685 38 27
2197 9656 51 23
4950 6063 21 53
31 7112 12 21
9853 3436 75 73
1133 2021 19 88
3034 1979 2 94
2053 6830 15 57
8652 1410 20 30
5274 7269 35 79
7438 31 67 45
5817 6736 78 95
2971 476 90 53
1587 1021 57 99
5347 3179 30 71
8709 3551 84 41
1448 732 71 50
8241 7014 16 56
8005 2543 86 44
1316 1764 7 89
6919 3717 57 67
252 7043 71 92
4561 5942 55 49
9985 5492 74 32
9430 3495 46 74
177 4435 15 88
351 4533 59 42
1685 9152 10 44
9427 7481 31 71
1645 694 71 14
1725 1637 20 35
509 5677 92 1
3876 9434 9 37
6697 4270 51 98
1901 5361 23 56
2049 3679 44 18
6125 8515 79 23
6565 3725 27 17
2197 7366 79 72
2797 4806 27 16
2614 7847 30 28
8826 3783 81 10
8261 9694 50 65
9401 9123 40 97
2286 7405 7 65
9164 8516 65 62
2179 1130 20 35
4988 3296 37 12
4153 238 30 15
1567 4169 78 62
8925 7100 7 84
6915 8835 76 48
8678 4272 52 29
104 6188 63 3
38 1572 61 25
9080 5547 39 34
8660 7618 73 46
6445 8527 77 15
7670 2122 8 9
882 8306 86 4
9246 6316 93 57
5043 9048 88 17
4118 8504 59 49
3370 2869 28 17
5819 7331 32 4
6478 5589 53 13
4694 4806 29 100
5554 6279 98 23
2957 1264 39 2
9100 239 57 51
7572 7070 32 33
8979 8385 39 40
9481 7642 18 63
9515 2072 39 52
1062 2472 94 96
6576 7535 62 6
2221 8547 4 88
498 7391 80 66
3480 2312 14 100
977 3032 45 69
9262 6720 11 15
2859 3400 90 69
6209 1659 16 20
6656 3391 60 3
2972 8194 90 60
9979 137 7 19
7565 777 99 66
9281 7749 61 35
5717 9569 41 15
8164 510 83 43
4848 7766 81 48
3762 385 31 40
1926 8319 97 49
8627 3172 77 72
268 8426 77 62
5524 959 31 39
9932 249 70 72
1780 2444 91 14
2776 3911 47 5
3295 3316 76 1
1539 7275 59 97
5627 6817 92 50
1994 5065 80 38
5184 7548 36 88
9857 7618 19 71
1356 6466 48 79
5808 4681 3 30
7208 1114 92 23
676 7872 92 76
4220 3730 48 36
3922 7207 20 43
2530 3008 10 8
6713 177 96 78
9637 1684 10 54
6213 2038 65 10
1357 7566 87 61
9090 1378 1 24
2704 2299 87 12
7119 1914 70 51
4977 2365 46 33
4411 2921 1 67
586 9772 66 29
3305 7111 10 98
9053 9733 68 87
1435 884 57 51
3827 1910 19 74
1943 2397 25 46
3759 1571 30 30
965 6814 30 69
5182 7697 38 34
1883 3988 41 48
3832 3816 44 66
6665 2593 96 28
2318 2015 56 25
9191 1262 36 40
4661 7682 11 42
9614 6613 64 14
3446 6675 84 16
7419 5538 44 53
6150 7392 63 13
2268 3227 7 20
4692 5610 34 96
720 9208 82 69
8997 5154 20 43
5376 7716 96 53
8494 3239 99 44
5520 5809 21 37
3512 6321 62 3
42 2907 99 31
4607 8381 55 75
9443 2007 80 8
8283 9122 11 50
3627 6117 74 96
3614 5249 24 34
1399 8304 68 65
4997 6843 72 80
3594 2769 40 96
6979 9985 4 53
8500 201 28 38
1151 3180 89 52
7056 3065 97 83
3868 7710 86 83
6491 1305 58 38
7704 2022 88 15
7609 8091 24 65
2153 2808 92 92
4879 6930 35 95
2161 5011 25 6
2096 8517 90 81
6664 5680 30 47
7765 2586 27 68
2979 874 80 36
7468 796 53 45
4037 2372 56 17
8928 9459 15 77
5804 8047 18 39
2100 5293 50 93
6332 3254 9 67
3635 2059 11 77
2801 2013 78 7
3090 3775 47 65
4090 7526 51 56
7976 5709 7 12
4815 4918 70 61
6262 7607 2 41
6869 1175 48 74
6079 1604 71 71
2551 5096 24 96
8261 3739 8 93
8259 384 72 83
2344 8390 6 63
6186 7037 24 13
9456 4893 9 79
257 280 100 5
1015 9601 99 2
7302 3765 90 93
9459 2418 33 39
6452 7946 98 7
8957 9382 29 99
1683 1403 95 33
9358 6712 19 64
2885 6363 60 5
4731 4423 52 50
6092 5877 20 74
3239 7176 62 14
1879 337 36 36
2135 9632 48 37
7305 5153 12 23
2946 7765 3 97
9978 6960 92 94
7299 7881 89 15
8647 7916 26 97
7317 6954 5 74
2589 5678 1 24
6842 6347 47 80
1646 8788 56 61
7873 145 15 11
493 3768 37 59
2572 4966 80 98
2250 8203 58 47
3898 1123 90 98
8673 9832 16 61
7635 1737 19 65
4866 5546 7 57
9689 2370 63 70
6707 1438 42 89
6349 8334 51 32
2971 8918 33 65
6551 4616 78 64
9484 2270 54 58
9127 731 13 67
4611 4468 81 3
904 4327 50 16
7145 2766 28 15
8465 1514 34 55
5524 7273 91 49
4480 9324 24 23
8830 273 57 68
3622 4252 99 28
2426 1764 47 43
3520 3490 39 52
7372 765 72 77
8812 7793 20 71
7315 4894 44 29
1049 7269 3 7
2119 5945 29 50
2083 7780 57 9
1602 7152 74 63
2851 9349 80 57
7475 418 71 64
3467 9410 27 66
241 3661 6 88
931 7879 53 12
5371 2490 49 28
7198 7704 6 17
7584 2738 99 84
1510 3325 55 58
9437 140 12 22
3491 4724 9 21
4101 6365 83 88
7201 7094 48 46
1462 6993 82 23
405 477 61 60
3273 6682 7 51
2658 9193 13 49
7140 9533 24 54
2723 2765 88 19
7410 4157 69 19
3021 1002 69 12
3958 5315 10 95
170 6402 77 78
3586 6227 88 59
6088 500 96 79
7503 7529 34 84
9537 1884 67 60
4451 9680 62 45
6122 7877 60 30
603 6205 46 22
3584 7422 56 76
9735 5423 33 15
3495 9584 19 29
451 3808 46 62
1606 3369 76 93
8497 9082 87 81
1135 1202 17 55
2823 8417 34 18
9507 9721 28 36
513 1417 8 35
2912 9481 44 85
7231 6200 24 17
5053 4226 46 63
170 8810 93 89
1902 1030 42 55
3526 6684 13 45
771 3296 25 15
2263 2719 81 38
1253 889 3 13
2222 8280 59 9
4108 6523 66 35
2134 1201 60 92
6002 4792 60 11
1714 1865 21 26
6454 5419 75 78
8744 9034 27 66
1795 7439 49 49
6849 7525 93 62
6565 2418 35 67
3019 9556 3 53
8389 916 53 89
5931 3358 37 33
6436 2695 52 33
3322 3802 47 12
5515 7162 49 81
4794 5830 29 54
7222 9738 93 30
2543 6974 8 60
6906 6985 39 33
6 7246 36 82
1436 7061 69 37
919 2313 59 62
3556 5163 99 48
4234 2626 59 78
3303 7367 11 93
8703 9086 91 63
7120 4935 14 26
5758 4937 77 95
9077 3658 56 23
819 5250 36 94
9204 1102 7 35
9385 9306 54 30
9313 2389 54 51
5196 7196 37 13
6804 8820 40 8
5766 1712 57 65
8883 9584 54 18
2184 3227 24 44
3789 5216 74 36
538 1000 39 19
8631 3455 61 86
3885 8678 7 14
6131 7020 38 71
4289 7922 54 3
5100 6140 74 6
1223 8641 81 70
4593 4172 58 2
3534 8319 77 11
802 4857 29 58
8822 3297 90 48
9905 5416 49 24
7372 6465 8 52
6321 6690 39 36
123 6799 44 1
5605 5764 39 56
5783 6711 39 73
309 407 50 23
3039 1800 25 24
2842 4029 15 19
6834 9765 70 51
7091 6216 82 47
2168 2002 30 88
8821 4123 95 12
4055 3171 39 49
5587 4654 97 58
8511 6175 75 62
4615 8738 100 56
6035 6071 36 68
9741 612 51 85
530 2593 59 6
643 2587 37 41
7796 9888 16 36
6277 884 24 26
3403 9241 100 7
3156 3288 66 3
5941 5005 42 30
7352 8987 93 67
2629 1443 44 25
5517 5854 29 80
5663 7869 19 52
6632 8713 22 85
3586 653 7 30
2608 623 90 8
975 2525 35 22
1102 6565 38 39
157 1479 15 73
7410 5831 94 61
7140 538 67 16
5428 8784 58 40
2509 6061 82 47
1268 6505 97 50
4258 5251 39 46
2063 6853 82 31
7487 8324 52 28
7803 1925 63 57
9314 6831 5 50
7661 9743 73 65
1644 705 69 74
1189 6099 60 3
2029 3377 60 56
7807 2569 64 33
6266 1669 79 62
1611 3304 100 27
2380 650 5 18
4938 7992 62 1
6674 5638 12 30
2509 2496 81 11
9810 7331 6 47
8825 2317 69 46
213 1184 6 8
5675 9682 69 30
5228 7394 83 88
6221 6468 68 56
1640 4864 30 86
8414 2154 93 98
3248 7550 2 54
7676 774 82 75
4413 8125 95 99
262 7681 88 18
561 6738 98 87
8010 2272 92 100
5007 3054 19 32
2830 3111 74 39
5277 9734 83 64
3422 8724 61 32
274 5294 10 30
7374 1417 5 92
8546 7791 87 39
3708 1791 86 37
1971 9452 30 67
9784 9265 74 25
9994 9298 94 21
3710 3287 19 5
9226 7708 12 97
4152 6167 9 78
6382 1218 96 63
6318 9253 34 7
2180 7145 22 27
5835 3032 5 18
8269 9973 96 95
8788 6491 100 78
1690 7439 52 51
1769 285 58 12
8431 2557 45 3
4706 3712 1 61
5648 8696 100 5
4875 3838 86 34
5658 348 86 24
4245 494 38 69
7876 4258 1 83
1592 9517 11 31
2951 2924 71 100
9585 1589 56 19
22 3269 7 74
4860 8281 36 91
1647 674 46 31
5080 6610 85 33
8246 6708 95 45
5650 6923 99 89
3459 1381 76 94
1474 8369 48 29
2707 7804 5 72
4046 2397 61 40
9405 104 71 53
4591 7252 70 39
7043 2720 1 66
8369 8661 99 19
6789 518 96 80
5614 2834 59 74
8593 2314 56 20
2131 7699 80 22
534 2269 59 58
6698 9362 64 87
7013 2234 85 1
9453 5821 9 7
4444 6575 86 8
2109 5448 75 48
6117 9115 78 62
7748 2678 40 62
2582 3472 77 76
1885 4465 1 100
4844 1490 89 30
1241 8965 66 44
3606 5005 76 19
8213 2281 96 94
9587 4640 36 23
2262 2912 23 41
7737 26 21 90
1318 4202 72 7
217 7009 40 41
6258 4206 46 11
181 3240 73 57
5528 1786 70 65
8334 8220 35 52
9176 2269 20 22
184 6782 63 16
5123 83 4 15
4582 3850 82 35
8102 4422 73 82
8390 9420 84 15
8847 7372 44 80
429 3441 81 42
877 5486 19 24
8501 5905 47 69
8112 7289 74 72
9787 6105 33 44
3526 4417 47 10
7333 2172 18 99
4656 2513 40 85
2744 629 91 86
1920 9233 23 52
1627 2595 48 7
3188 8218 18 34
5335 1748 46 90
5831 106 38 42
4808 9333 85 93
9719 1728 25 27
4672 1847 34 18
9261 6673 54 74
2415 4548 95 71
2601 4997 5 86
5141 4571 86 21
6119 9768 29 75
150 1290 6 12
8709 1472 64 71
6733 3552 93 45
5721 644 21 32
1211 6633 79 57
6499 655 33 31
5393 7128 22 69
5012 7852 59 97
4189 1357 64 41
4623 7382 79 88
1665 5318 58 90
5084 2923 98 7
8412 4036 14 69
5713 2916 12 28
3664 8310 42 55
6192 8623 83 47
3917 8339 76 13
3173 8192 50 79
8365 6091 56 57
1348 6948 86 50
4637 9896 12 92
3329 377 34 60
5325 6921 2 95
6155 265 97 41
1657 6082 62 31
122 597 22 40
6993 3541 94 64
7117 6332 13 18
2041 2379 99 37
1941 1835 40 33
8370 3178 86 88
4042 9298 32 20
9433 6893 10 53
999 9989 16 96
4515 1990 80 89
9578 3095 14 57
1076 2156 94 96
7281 753 69 34
7899 6123 70 59
6598 6769 92 20
4974 2501 79 3
5293 3989 19 50
1315 3376 27 25
988 584 30 35
72 6959 16 21
6789 4622 92 25
1644 6660 73 13
4337 4533 96 64
2317 596 23 47
2169 8498 16 99
8433 9898 50 40
4594 3629 14 39
2650 9450 32 97
6170 3603 75 94
3027 1024 13 72
131 8 19 96
968 2490 1 68
1693 648 96 59
2805 9572 11 56
5448 6131 96 53
2582 5775 37 71
8699 5871 92 46
1350 7545 98 84
8182 306 23 5
2394 7842 69 34
3232 8086 81 91
6309 5203 56 92
7969 9082 91 20
9446 1692 93 28
2547 3694 90 30
3172 9695 55 81
1384 6297 39 8
9327 8500 10 71
2308 6737 74 51
5469 1400 8 20
6192 6664 83 97
5027 4745 30 37
463 3037 8 62
1755 6606 27 48
5680 3951 96 41
5615 2257 53 45
8507 4287 18 45
152 1689 89 52
5238 5469 72 9
4710 7033 82 95
7317 1294 81 5
3348 1649 59 74
3002 7242 25 93
7284 5402 67 60
4943 532 1 67
6838 1838 95 18
534 5898 82 43
5737 9954 19 65
3209 8942 41 17
4741 4625 18 10
271 7629 99 87
8566 3554 45 42
4009 9009 26 41
6157 1800 63 1
209 9654 9 74
9853 2428 61 72
1836 7402 73 27
4633 3355 80 14
5795 2829 47 59
4065 3393 72 90
4876 8821 87 61
5090 7913 42 68
695 6885 41 30
3898 1673 43 78
8801 7843 80 39
2872 4560 35 61
7217 2214 97 51
1403 772 60 44
8225 8436 50 86
7737 532 41 8
918 7461 7 19
1958 286 26 24
7283 1821 86 53
9849 7731 49 23
2315 6152 93 90
5118 502 82 22
1862 5754 100 47
9344 9417 38 51
3712 1238 69 37
8253 6222 11 77
3829 7085 62 23
2311 4471 45 25
2920 3834 12 31
3027 1083 83 81
7942 8935 52 35
4909 1290 77 57
3892 5183 63 87
4905 9646 53 22
6432 1068 69 96
5364 6664 61 31
592 6790 81 60
8861 7621 56 57
8442 4755 69 43
8794 7063 6 45
7185 2646 44 15
4521 3419 21 17
4246 5080 48 48
6317 1510 1 97
8090 6471 38 11
591 9464 36 22
5877 5607 13 23
-1 -1 -1 -1
38
4
